% -------------------------------------------------------------------
%  Generated by MATLAB on 15-Mar-2018 15:49:06
%  MATLAB version: 9.1.0.441655 (R2016b)
% -------------------------------------------------------------------
                                      

ans = [0 0.11768864359176742 0.23465169756034632 0.35016804578385807 0.46352549156242107 ...
       0.57402514854763464 0.68098574960932012 0.78374784707392342 0.88167787843870971 ...
       0.97417207249527549 1.0606601717798212 1.1406089484000463 1.2135254915624212 ...
       1.2789602465311383 1.3365097862825519 1.38581929876693 1.4265847744427302 ...
       1.4585548805965149 1.4815325108927067 1.4953760005996919 1.5 1.4953760005996919 ...
       1.4815325108927067 1.4585548805965149 1.4265847744427305 1.38581929876693 ...
       1.3365097862825519 1.278960246531138 1.2135254915624207 1.1406089484000466 ...
       1.0606601717798214 0.9741720724952756 0.88167787843870982 0.78374784707392287 ...
       0.68098574960931968 0.57402514854763487 0.46352549156242129 0.35016804578385763 ...
       0.23465169756034648 0.1176886435917676 1.8369701987210297E-16 -0.11768864359176723 ...
       -0.23465169756034548 -0.3501680457838573 -0.46352549156242095 -0.57402514854763453 ...
       -0.68098574960932 -0.78374784707392364 -0.88167787843870959 -0.97417207249527538 ...
       -1.0606601717798212 -1.1406089484000468 -1.213525491562421 -1.2789602465311387 ...
       -1.3365097862825523 -1.3858192987669302 -1.4265847744427307 -1.4585548805965149 ...
       -1.4815325108927064 -1.4953760005996919 -1.5 -1.4953760005996919 ...
       -1.4815325108927067 -1.4585548805965152 -1.4265847744427305 -1.38581929876693 ...
       -1.3365097862825515 -1.278960246531138 -1.2135254915624205 -1.1406089484000463 ...
       -1.0606601717798214 -0.97417207249527615 -0.88167787843871 -0.7837478470739242 ...
       -0.68098574960931924 -0.57402514854763553 -0.4635254915624214 -0.3501680457838578 ...
       -0.23465169756034668 -0.11768864359176712 -3.6739403974420594E-16 ...
       0.1176886435917677 0.23465169756034593 0.35016804578385974 0.46352549156241951 ...
       0.57402514854763487 0.68098574960931857 0.78374784707392353 0.88167787843870937 ...
       0.9741720724952756 1.060660171779821 1.1406089484000466 1.2135254915624207 ...
       1.2789602465311385 1.3365097862825521 1.3858192987669298 1.4265847744427302 ...
       1.4585548805965149 1.4815325108927064 1.4953760005996919 1.5 1.5 ...
       1.5 1.5 1.5 1.5 1.5 1.5 1.5 1.5 1.5 1.5 1.5 1.5 1.5 1.5 1.5 1.5 ...
       1.5 1.5 1.5 1.5 1.5 1.5 1.5 1.5 1.5 1.5 1.5 1.5 1.5 1.5 1.5 1.5 ...
       1.5 1.5 1.5 1.5 1.5 1.5 1.5 1.5 1.5 1.5 1.5 1.5 1.5 1.5 1.5 1.5 ...
       1.5 1.5 1.5 1.5 1.5 1.5 1.5 1.5 1.5 1.5 1.5 1.5 1.5 1.5 1.5 1.5 ...
       1.5 1.5 1.5 1.5 1.5 1.5 1.5 1.5 1.5 1.5 1.5 1.5 1.5 1.5 1.5 1.5 ...
       1.5 1.5 1.5 1.5 1.5 1.5 1.5 1.5 1.5 1.5 1.5 1.5 1.5 1.5 1.5 1.5 ...
       1.5 1.5 1.5 1.4850000000000003 1.47 1.4549999999999996 1.44 1.4250000000000003 ...
       1.41 1.3949999999999996 1.38 1.3650000000000002 1.3500000000000005 ...
       1.3350000000000002 1.3199999999999998 1.3050000000000002 1.2900000000000005 ...
       1.2750000000000001 1.2599999999999998 1.245 1.2300000000000004 1.215 ...
       1.1999999999999997 1.185 1.1700000000000004 1.155 1.1399999999999997 ...
       1.125 1.1100000000000003 1.095 1.0799999999999996 1.065 1.0500000000000003 ...
       1.035 1.0199999999999996 1.005 0.99000000000000021 0.97500000000000053 ...
       0.96000000000000019 0.94499999999999984 0.93000000000000016 0.91500000000000048 ...
       0.90000000000000013 0.88499999999999979 0.87000000000000011 0.85500000000000043 ...
       0.84000000000000008 0.82499999999999973 0.81 0.79500000000000037 ...
       0.78 0.76499999999999968 0.75 0.73500000000000032 0.72 0.70499999999999963 ...
       0.69 0.67500000000000027 0.65999999999999992 0.64499999999999957 ...
       0.62999999999999989 0.61500000000000021 0.60000000000000053 0.58500000000000019 ...
       0.56999999999999984 0.55500000000000016 0.54000000000000048 0.52500000000000013 ...
       0.50999999999999979 0.49500000000000011 0.48000000000000043 0.46500000000000008 ...
       0.44999999999999973 0.43500000000000005 0.42000000000000037 0.405 ...
       0.38999999999999968 0.375 0.36000000000000032 0.345 0.32999999999999963 ...
       0.31499999999999995 0.30000000000000027 0.28499999999999992 0.26999999999999957 ...
       0.25499999999999989 0.24000000000000021 0.22500000000000053 0.21000000000000019 ...
       0.19499999999999984 0.18000000000000016 0.16500000000000048 0.15000000000000013 ...
       0.13499999999999979 0.12000000000000011 0.10500000000000043 0.09000000000000008 ...
       0.074999999999999734 0.060000000000000053 0.045000000000000373 0.030000000000000027 ...
       0.01499999999999968 -0 0.4341137380422615 0.50999738547008688 0.22997927569337639 ...
       0.5513840154712365 0.59028108825929271 0.8129452205466593 0.81592378977366076 ...
       0.21497527129133798 0.702068182449014 0.88024417717884285 0.26522332221646638 ...
       0.84229890548825959 0.805035344875081 0.3658214318225681 0.73203577290993493 ...
       0.56886176948011258 0.31696972528501433 0.32667282343442039 0.39720528549577916 ...
       0.1012841883021125 0.27121639782974238 0.030589450770173388 0.66189642608039456 ...
       0.90645530551665732 0.37565984192336532 0.25782358964853436 0.87561573859123187 ...
       0.74616817423416959 0.26652035648537686 0.36338161060355822 0.7745200726821535 ...
       0.85021117566742821 0.6681695020923748 0.27661424406777013 0.2147530965463057 ...
       0.53594704984496644 0.63821329647253189 0.0400388764176679 0.93734187945299452 ...
       0.769712145902604 0.39361248207373323 0.63774991479610066 0.56451573186907567 ...
       0.35180980695275521 0.21492678428064516 0.99614549006422348 0.70461145133285319 ...
       0.5252614652396399 0.41398193438190722 0.2095674625940992 0.80529297989770809 ...
       0.40372850319126719 0.1028940997761788 0.87331990078112531 0.61588453725284042 ...
       0.62385555672889426 0.29697933643743646 0.68395847487685368 0.42478305202612288 ...
       0.73088917948039667 0.63294540943425426 0.91482291090240953 0.26580101151093571 ...
       0.0081814395906976145 0.72786754963583322 0.80973366773217237 0.37660218501885256 ...
       0.31965895084142759 0.89332136607336277 0.4676597399854624 0.92205881119984778 ...
       0.6723065354142399 0.12468599424511229 0.45564104536652628 0.33718129367699023 ...
       0.805028398524175 0.52617153997549482 0.097615179512307026 0.45454840836797239 ...
       0.96184566303435959 0.44725884893922385 0.15863974676719783 0.58321555519524448 ...
       0.95458736757048857 0.84720277802325916 0.086256895010608514 0.85742542446838543 ...
       0.94270420719159842 0.99130927862722729 0.81054839941064394 0.24797634977573568 ...
       0.26632404577356883 0.10549862902604634 0.28965826570251518 0.16133567078104749 ...
       0.73469386720910479 0.44271630936263628 0.74153191474847369 0.99916921176210771 ...
       0.8247104981086113];

dt = 0.01;

